%YAML:1.0
---
left_eye_rotate_vec: [ 1.7012800680538824e+00, 1.5758226002312914e+00,
    7.6120706504317348e-01 ]
right_eye_rotate_vec: [ 1.7302718604494700e+00, 1.6648160651803361e+00,
    7.0689629749455596e-01 ]
left_eye_translate_vec: [ -9.0639472566253113e-02,
    3.1187138842271421e-04, 5.0810203191759384e-01 ]
right_eye_translate_vec: [ -2.6620981030441887e-02,
    2.0026857445577919e-03, 5.1730997624841724e-01 ]
