%YAML:1.0
---
ogl_proj_mat: !!opencv-matrix
   rows: 4
   cols: 4
   dt: f
   data: [ 1.42981791e+00, -8.54242462e-05, -3.44199017e-02,
       -3.37383151e-02, 8.99948413e-04, 1.89551830e+00, -9.38653480e-03,
       -9.20066237e-03, -3.22141983e-02, -1.89522002e-02,
       -1.01957810e+00, -9.99388337e-01, 1.33616664e-02, -1.02205127e-02,
       -1.01246634e+01, -2.31844243e-02 ]
