%YAML:1.0
---
calibration_time: "Fri Nov  3 16:16:01 2017"
image_width: 1024
image_height: 768
board_width: 6
board_height: 6
square_size: 2.5999999046325684e+00
flags: 0
camera_matrix: !!opencv-matrix
   rows: 3
   cols: 3
   dt: d
   data: [ 2.6145243935268181e+03, 0., 1.3678486987707017e+03, 0.,
       2.6301374543465031e+03, 1.5188346724428091e+03, 0., 0., 1. ]
distortion_coefficients: !!opencv-matrix
   rows: 5
   cols: 1
   dt: d
   data: [ -2.0578512768873802e-01, 2.4950077382749467e+00,
       -1.1841034281335297e-02, 7.2616629181054340e-03,
       -1.2379135278497545e+01 ]
avg_reprojection_error: 2.2829683110275192e+00
