%YAML:1.0
---
calibration_time: "Fri Nov  3 07:57:08 2017"
image_width: 2304
image_height: 4096
board_width: 6
board_height: 6
square_size: 2.5999999046325684e+00
flags: 0
camera_matrix: !!opencv-matrix
   rows: 3
   cols: 3
   dt: d
   data: [ 3.2972103330958562e+03, 0., 1.1756266042072696e+03, 0.,
       3.3217436679201301e+03, 1.8849237836785765e+03, 0., 0., 1. ]
distortion_coefficients: !!opencv-matrix
   rows: 5
   cols: 1
   dt: d
   data: [ 1.0600536117165893e-01, -2.6140323128004237e+00,
       -1.7081863461917028e-02, 6.0386379009799455e-03,
       1.7586869127826908e+01 ]
avg_reprojection_error: 2.4894589568805543e+00
