%YAML:1.0
---
ogl_proj_mat: !!opencv-matrix
   rows: 4
   cols: 4
   dt: f
   data: [ 1.42999279e+00, -1.73896493e-04, -3.40972617e-02,
       -3.34220640e-02, 2.86649709e-04, 1.89649820e+00, 4.98419453e-04,
       4.88549704e-04, -3.22147347e-02, -1.88891534e-02, -1.01963198e+00,
       -9.99441206e-01, 1.39758149e-02, 1.78364292e-03, -1.01129732e+01,
       -1.17259743e-02 ]
ogl_proj_mat_left_screen: !!opencv-matrix
   rows: 4
   cols: 4
   dt: f
   data: [ 5.16724443e+00, 6.00593500e-02, 1.09880112e-01,
       1.07704259e-01, -8.64985734e-02, 8.79403877e+00, 1.91418398e-02,
       1.87627915e-02, 2.78727382e-01, 3.88059840e-02, -1.01408696e+00,
       -9.94005919e-01, 6.17736130e+01, 3.95568669e-01, -8.75711155e+00,
       1.31728673e+00 ]
ogl_proj_mat_right_screen: !!opencv-matrix
   rows: 4
   cols: 4
   dt: f
   data: [ 5.22953033e+00, 3.85238715e-02, 9.80436280e-02,
       9.61021632e-02, -2.05985028e-02, 8.93399620e+00, 1.05970288e-02,
       1.03871860e-02, 2.34261408e-01, 2.26656869e-02, -1.01542473e+00,
       -9.95317280e-01, 2.75126114e+01, -1.64119884e-01, -8.46506977e+00,
       1.60354578e+00 ]
