%YAML:1.0
---
ogl_proj_mat: !!opencv-matrix
   rows: 4
   cols: 4
   dt: f
   data: [ 1.51022637e+00, 1.95414550e-03, -2.31172536e-02,
       -2.26594843e-02, 2.08013551e-03, 2.00010490e+00, 9.78658162e-03,
       9.59278736e-03, -8.08616355e-02, 2.60102376e-03, -1.01989317e+00,
       -9.99697208e-01, -1.14885895e-02, -3.51505466e-02,
       -9.72001171e+00, 3.73454452e-01 ]
ogl_proj_mat_left_screen: !!opencv-matrix
   rows: 4
   cols: 4
   dt: f
   data: [ 5.63713932e+00, 1.91451982e-01, 5.38843684e-02,
       5.28173484e-02, -7.76360929e-02, 9.48770523e+00, 8.80816132e-02,
       8.63374174e-02, 2.21729297e-02, 2.38649949e-01, -1.01496327e+00,
       -9.94864881e-01, 6.80705490e+01, 3.09811592e+00, -6.95309687e+00,
       3.08557868e+00 ]
ogl_proj_mat_right_screen: !!opencv-matrix
   rows: 4
   cols: 4
   dt: f
   data: [ 5.47053766e+00, 9.62580666e-02, -2.79360753e-03,
       -2.73828837e-03, -6.33189082e-02, 9.23143196e+00, 1.43493488e-01,
       1.40652016e-01, 1.89601257e-02, 1.92237839e-01, -1.01005650e+00,
       -9.90055323e-01, 3.12693195e+01, 4.58785176e-01, -8.73482227e+00,
       1.33913469e+00 ]
