%YAML:1.0
---
calibration_time: "Mon Dec 18 11:06:36 2017"
image_width: 640
image_height: 480
board_width: 6
board_height: 6
square_size: 2.5999999046325684e+00
flags: 0
camera_matrix: !!opencv-matrix
   rows: 3
   cols: 3
   dt: d
   data: [ 4.6771617770343937e+02, 0., 3.2666671550850879e+02, 0.,
       4.6441700995789535e+02, 2.2975181880837130e+02, 0., 0., 1. ]
distortion_coefficients: !!opencv-matrix
   rows: 5
   cols: 1
   dt: d
   data: [ 2.0863639604204107e-02, -3.1741237578686043e-01,
       4.1183298617122705e-03, 4.9245376472899149e-03,
       3.8163813582884903e-01 ]
avg_reprojection_error: 3.8222389625130082e-01
