%YAML:1.0
---
ogl_proj_mat: !!opencv-matrix
   rows: 4
   cols: 4
   dt: f
   data: [ 1.43275774e+00, -4.63054283e-04, -2.09229700e-02,
       -2.05086526e-02, 6.11036899e-04, 1.90417862e+00, -4.32582898e-03,
       -4.24016872e-03, -2.44958568e-02, -2.90027745e-02,
       -1.01997840e+00, -9.99780655e-01, 1.28928674e-02, -1.08326580e-02,
       -1.00997133e+01, 1.27169979e-03 ]
ogl_proj_mat_left_screen: !!opencv-matrix
   rows: 4
   cols: 4
   dt: f
   data: [ 5.27107811e+00, 2.94542551e-01, 4.51826267e-02,
       4.42879163e-02, -1.82485268e-01, 9.24370003e+00, 3.19034490e-03,
       3.12716933e-03, 8.11120495e-02, 3.28766927e-02, -1.01919603e+00,
       -9.99013901e-01, 6.32160950e+01, 8.45135629e-01, -8.22323132e+00,
       1.84059525e+00 ]
ogl_proj_mat_right_screen: !!opencv-matrix
   rows: 4
   cols: 4
   dt: f
   data: [ 5.31419706e+00, 2.18604043e-01, 3.66681926e-02,
       3.59420888e-02, -8.77824575e-02, 9.32863045e+00, 1.14712611e-01,
       1.12441070e-01, 3.07035334e-02, 1.50074605e-02, -1.01306903e+00,
       -9.93008137e-01, 2.85541592e+01, -3.08233470e-01, -7.26014185e+00,
       2.78461361e+00 ]
