%YAML:1.0
---
ogl_proj_mat: !!opencv-matrix
   rows: 4
   cols: 4
   dt: f
   data: [ 1.44937789e+00, 6.96895295e-04, -2.26519220e-02,
       -2.22033672e-02, 4.72194777e-04, 1.92611694e+00, 2.44709593e-03,
       2.39863829e-03, -3.33550163e-02, -1.00076748e-02, -1.01994765e+00,
       -9.99750614e-01, -1.60383359e-02, -2.97882706e-02,
       -9.90851593e+00, 1.88682720e-01 ]
ogl_proj_mat_left_screen: !!opencv-matrix
   rows: 4
   cols: 4
   dt: f
   data: [ 5.29063702e+00, 2.90524185e-01, -7.60883093e-02,
       -7.45816082e-02, -1.89076215e-01, 8.93306065e+00, -2.49837693e-02,
       -2.44890396e-02, 4.87904921e-02, -2.23012239e-01, -1.01705396e+00,
       -9.96914148e-01, 6.32071419e+01, 2.14936781e+00, -8.88733959e+00,
       1.18963742e+00 ]
ogl_proj_mat_right_screen: !!opencv-matrix
   rows: 4
   cols: 4
   dt: f
   data: [ 5.39962339e+00, 1.98206067e-01, -9.60910395e-02,
       -9.41882357e-02, -9.10866633e-02, 9.08131504e+00, -1.12655453e-01,
       -1.10424645e-01, 2.85682902e-02, -2.82411665e-01, -1.00939965e+00,
       -9.89411414e-01, 2.92661343e+01, -2.43104506e+00, -7.30564737e+00,
       2.74000931e+00 ]
