%YAML:1.0
---
ogl_proj_mat: !!opencv-matrix
   rows: 4
   cols: 4
   dt: f
   data: [ 1.44654608e+00, 5.90230920e-04, -1.62369926e-02,
       -1.59154665e-02, 1.20278727e-03, 1.92472219e+00, -7.45648891e-03,
       -7.30883516e-03, -2.65082531e-03, -1.90402661e-02,
       -1.02004564e+00, -9.99846637e-01, 1.43693136e-02, -1.01127913e-02,
       -1.01043119e+01, -3.23577272e-03 ]
ogl_proj_mat_left_screen: !!opencv-matrix
   rows: 4
   cols: 4
   dt: f
   data: [ 5.27250814e+00, 2.90262252e-01, -9.77007970e-02,
       -9.57661197e-02, -1.94490701e-01, 8.99975872e+00, -9.85428169e-02,
       -9.65914726e-02, 7.41887167e-02, -2.08903342e-01, -1.01072061e+00,
       -9.90706265e-01, 6.37868576e+01, -2.02869862e-01, -9.14067554e+00,
       9.41318274e-01 ]
ogl_proj_mat_right_screen: !!opencv-matrix
   rows: 4
   cols: 4
   dt: f
   data: [ 5.14986324e+00, 2.22373798e-01, 4.62207794e-02,
       4.53055128e-02, -9.51369256e-02, 8.78444767e+00, -6.69367984e-02,
       -6.56113103e-02, 3.83619107e-02, -2.19449401e-01, -1.01695395e+00,
       -9.96816218e-01, 2.84946785e+01, -1.10083318e+00, -1.10232868e+01,
       -9.04013395e-01 ]
