%YAML:1.0
---
calibration_time: "Mon Dec 18 11:08:12 2017"
image_width: 640
image_height: 480
board_width: 6
board_height: 6
square_size: 2.5999999046325684e+00
flags: 0
camera_matrix: !!opencv-matrix
   rows: 3
   cols: 3
   dt: d
   data: [ 4.7956441200474245e+02, 0., 3.4565180688954513e+02, 0.,
       4.7657347478591061e+02, 2.4070283306957472e+02, 0., 0., 1. ]
distortion_coefficients: !!opencv-matrix
   rows: 5
   cols: 1
   dt: d
   data: [ -1.3877063498314721e-02, -6.2176853084189243e-01,
       5.8677216019949732e-03, -1.5643084000149499e-03,
       1.4456879897049366e+00 ]
avg_reprojection_error: 3.4781735284932147e-01
