%YAML:1.0
---
ogl_proj_mat: !!opencv-matrix
   rows: 4
   cols: 4
   dt: f
   data: [ 1.42950463e+00, -3.17441940e-04, -3.61967236e-02,
       -3.54799554e-02, 2.72116995e-05, 1.89563572e+00, 5.73938759e-03,
       5.62573597e-03, -3.22115533e-02, -1.88545696e-02, -1.01954365e+00,
       -9.99354541e-01, 1.28239393e-02, 7.32192118e-03, -1.01511812e+01,
       -4.91771735e-02 ]
ogl_proj_mat_left_screen: !!opencv-matrix
   rows: 4
   cols: 4
   dt: f
   data: [ 5.17536020e+00, 6.97104931e-02, 1.19241260e-01,
       1.16880037e-01, -9.44508389e-02, 8.83730698e+00, 1.64946902e-03,
       1.61680614e-03, 2.73814827e-01, 3.76731269e-02, -1.01320827e+00,
       -9.93144751e-01, 6.15972900e+01, 4.48117733e-01, -8.42453671e+00,
       1.64327598e+00 ]
ogl_proj_mat_right_screen: !!opencv-matrix
   rows: 4
   cols: 4
   dt: f
   data: [ 5.18197393e+00, 5.06475978e-02, 8.27773288e-02,
       8.11381638e-02, -1.70382876e-02, 8.86720467e+00, 7.90095795e-03,
       7.74450274e-03, 2.33146831e-01, 2.10387446e-02, -1.01680768e+00,
       -9.96672750e-01, 2.73413925e+01, -3.08865637e-01, -9.20073223e+00,
       8.82451117e-01 ]
