%YAML:1.0
---
ogl_proj_mat: !!opencv-matrix
   rows: 4
   cols: 4
   dt: f
   data: [ 1.47196102e+00, -1.21696021e-05, 1.95079409e-02,
       1.91216432e-02, -5.41760483e-06, 1.95190346e+00, -3.84634058e-03,
       -3.77017516e-03, 5.57461381e-03, -3.95604111e-02, -1.02000833e+00,
       -9.99810040e-01, -2.79896650e-02, -5.37554221e-03,
       -1.00540533e+01, 4.60276343e-02 ]
ogl_proj_mat_left_screen: !!opencv-matrix
   rows: 4
   cols: 4
   dt: f
   data: [ 5.55557966e+00, 4.32697050e-02, -4.32076827e-02,
       -4.23520841e-02, 6.08005328e-03, 9.34947014e+00, 3.11546158e-02,
       3.05376910e-02, 3.04053366e-01, 3.13254029e-01, -1.01881051e+00,
       -9.98635948e-01, 6.47952499e+01, 8.52918243e+00, -8.96518898e+00,
       1.11332965e+00 ]
ogl_proj_mat_right_screen: !!opencv-matrix
   rows: 4
   cols: 4
   dt: f
   data: [ 5.65328550e+00, -5.21769114e-02, 7.44896650e-04,
       7.30146188e-04, 4.43741567e-02, 9.61375999e+00, 5.89918010e-02,
       5.78236394e-02, 2.36837983e-01, 2.31231660e-01, -1.01849484e+00,
       -9.98326540e-01, 2.57446194e+01, 3.29062438e+00, -5.97370005e+00,
       4.04558134e+00 ]
