%YAML:1.0
---
calibration_time: "Tue Oct 24 10:24:04 2017"
image_width: 640
image_height: 480
board_width: 6
board_height: 6
square_size: 2.5999999046325684e+00
flags: 0
camera_matrix: !!opencv-matrix
   rows: 3
   cols: 3
   dt: d
   data: [ 4.7040888296115014e+02, 0., 3.1811312744349414e+02, 0.,
       4.6960945291949798e+02, 2.3051861136590844e+02, 0., 0., 1. ]
distortion_coefficients: !!opencv-matrix
   rows: 5
   cols: 1
   dt: d
   data: [ -1.6391238457672341e-01, 1.9764518483750242e+00,
       -1.0309994894839758e-03, -1.4117252875666340e-02,
       -9.5447880054156453e+00 ]
avg_reprojection_error: 2.6849006438296830e-01
