%YAML:1.0
---
ogl_proj_mat: !!opencv-matrix
   rows: 4
   cols: 4
   dt: f
   data: [ 1.48617446e+00, -7.10472465e-03, -5.47900386e-02,
       -5.37050851e-02, 1.89271977e-03, 1.98759627e+00, -3.91167253e-02,
       -3.83421332e-02, -6.31210580e-02, -8.56541470e-02,
       -1.01797855e+00, -9.97820437e-01, -8.16611480e-03, 2.29656436e-02,
       -9.59988594e+00, 4.91201371e-01 ]
ogl_proj_mat_left_screen: !!opencv-matrix
   rows: 4
   cols: 4
   dt: f
   data: [ 5.69063139e+00, 1.04836695e-01, 3.65769281e-03,
       3.58526316e-03, -5.40169664e-02, 9.72657013e+00, -1.59836009e-01,
       -1.56670943e-01, -5.23428023e-02, -3.30109656e-01,
       -1.00759685e+00, -9.87644374e-01, 7.01075668e+01, -1.81481552e+00,
       -5.35383177e+00, 4.65317535e+00 ]
ogl_proj_mat_right_screen: !!opencv-matrix
   rows: 4
   cols: 4
   dt: f
   data: [ 5.50328970e+00, 5.64280935e-02, 1.71037652e-02,
       1.67650748e-02, -2.61220410e-02, 9.42244339e+00, -8.00458118e-02,
       -7.84607381e-02, -8.76532793e-02, -3.01561832e-01,
       -1.01691318e+00, -9.96776223e-01, 3.08008347e+01, -2.53877091e+00,
       -7.41684771e+00, 2.63101101e+00 ]
