%YAML:1.0
---
calibration_time: "Fri Sep  1 13:21:50 2017"
image_width: 640
image_height: 480
board_width: 6
board_height: 6
square_size: 2.5999999046325684e+00
flags: 0
camera_matrix: !!opencv-matrix
   rows: 3
   cols: 3
   dt: d
   data: [ 4.6121493462636903e+02, 0., 3.2081880966378668e+02, 0.,
       4.6188177830086568e+02, 2.3544593585273896e+02, 0., 0., 1. ]
distortion_coefficients: !!opencv-matrix
   rows: 5
   cols: 1
   dt: d
   data: [ -2.0165233965495195e-02, -1.3385215705656980e-01,
       7.0412872505620316e-04, -8.9656234188291331e-04,
       1.6479293351770893e-01 ]
avg_reprojection_error: 2.0452744487757560e-01
