%YAML:1.0
---
ogl_proj_mat: !!opencv-matrix
   rows: 4
   cols: 4
   dt: f
   data: [ 1.46979523e+00, 5.61208173e-04, -1.88950673e-02,
       -1.85209066e-02, -9.89992172e-04, 1.94768345e+00, 1.63444933e-02,
       1.60208400e-02, -2.15408690e-02, -4.29310575e-02, -1.01989615e+00,
       -9.99700129e-01, -2.96626352e-02, 3.06696107e-04, -9.79385757e+00,
       3.01070958e-01 ]
ogl_proj_mat_left_screen: !!opencv-matrix
   rows: 4
   cols: 4
   dt: f
   data: [ 5.42876577e+00, 3.93153161e-01, 2.06539370e-02,
       2.02449467e-02, -1.67748943e-01, 9.07525921e+00, 3.39244157e-02,
       3.32526453e-02, 9.90867466e-02, 7.48444232e-04, -1.01942873e+00,
       -9.99241889e-01, 6.28901176e+01, 3.45047402e+00, -8.33092403e+00,
       1.73503518e+00 ]
ogl_proj_mat_right_screen: !!opencv-matrix
   rows: 4
   cols: 4
   dt: f
   data: [ 5.31402540e+00, 2.50262946e-01, 1.98599752e-02,
       1.94667056e-02, -1.17552340e-01, 8.88742733e+00, 3.98157984e-02,
       3.90273631e-02, 1.14887737e-01, -1.54087516e-02, -1.01923132e+00,
       -9.99048531e-01, 2.87618408e+01, 2.04696774e+00, -8.96662140e+00,
       1.11192560e+00 ]
