%YAML:1.0
---
ogl_proj_mat: !!opencv-matrix
   rows: 4
   cols: 4
   dt: f
   data: [ 2.36061168e+00, -4.86952923e-02, 2.11578440e-02,
       2.07388755e-02, 9.49434098e-03, 3.14799976e+00, 9.27139297e-02,
       9.08780023e-02, 7.38844788e-03, 3.76834154e-01, -1.01576018e+00,
       -9.95646060e-01, -4.81088012e-02, -1.28578186e-01,
       -1.00414476e+01, 5.83835803e-02 ]
