%YAML:1.0
---
calibration_time: "Thu Aug 31 16:02:04 2017"
image_width: 640
image_height: 480
board_width: 6
board_height: 6
square_size: 2.5999999046325684e+00
flags: 0
camera_matrix: !!opencv-matrix
   rows: 3
   cols: 3
   dt: d
   data: [ 7.5826930539569230e+02, 0., 3.1741757221868386e+02, 0.,
       7.6734697334380371e+02, 3.3167494009022369e+02, 0., 0., 1. ]
distortion_coefficients: !!opencv-matrix
   rows: 5
   cols: 1
   dt: d
   data: [ -2.2283917878944775e-02, -1.5400253979840342e-01,
       3.2786342509803994e-02, -2.7591509409157287e-03,
       6.2286592055136558e-01 ]
avg_reprojection_error: 5.2730884301357872e-01
